1309046
1768351
1293691
1310174
1292790
1316505
1396313
3077668
1292331
1585146
2336737
1863947
1292234
1764796
1994876
1305903
1304056
1293460
1474180
1323749
3011093
1293929
1439831
1292218
3305873
1308827
1329962
3908423
3130180
1431683
3607666
3312344
1293702
1786739
1301345
1292326
1293399
2148257
1449381
4062922
1306808
1304624
1291992
1763134
1292226
2132120
3606975
1476023
1298525
1297689
1863941
1390020
1291850
1308858
3041294
3250377
1292344
1401524
1307740
1293414
2080133
1293475
1306809
1303907
1292260
3033864
1305182
3314870
1309203
1431946
1307394
2054026
